19112301002
02191123002
280
0
280
19112301003
01191123001
1400
0
1400
19112301004
02191123003
280
0
280
19112301004
01191123001
1400
0
1400
19112301005
01191123001
1400
0
1400
19112301006
01191123001
1400
0
1400
19112301007
05191123004
340
0
340
20112301008
05201123005
350
0
350
20112301009
06201123006
80
0
80
20112301010
01191123001
1400
0
1400
22112301011
01191123001
1400
0
1400
25112301012
01191123001
1400
0
1400
25112301013
05201123005
350
0
350
26112301014
01201123007
240
0
240
26112301015
07261123011
1130
0
1130
27112301016
05201123005
350
0
350
27112301017
05271123013
240
0
240
27112301018
01191123001
1400
0
1400
27112301019
01191123001
1400
0
1400
27112301020
01271123014
1350
0
1350
27112301021
01271123015
6040
0
6040
