01191123001
1
112501 
2 
02191123002
2
081301 051201 
6 1 
02191123003
1
081301 
3 
05191123004
2
051201 081402 
1 3 
05201123005
2
051201 081401 
2 6 
06201123006
1
081301 
2 
01201123007
1
081301 
6 
01221123008
2
010101 081301 
3 2 
01251123009
2
010101 081301 
1 4 
05251123010
2
112501 051201 
1 3 
07261123011
2
081301 051301 
20 3 
01261123012
2
080501 020202 
8 1 
05271123013
1
081301 
6 
01271123014
1
112507 
27 
01271123015
4
112508 010101 051301 020202 
26 4 1 26 
01011223016
1
010101 
2 
02041223017
2
081301 010101 
10 2 
01041223018
3
080501 081401 041001 
12 3 1 
01041223019
4
010101 112501 091104 112508 
1 1 1 3 
01041223020
0


02041223021
1
080501 
6 
03041223022
4
081301 051301 081402 010101 
3 1 1 1 
05041223023
3
051201 041001 080501 
1 1 6 
01041223024
2
091104 010101 
1 1 
03041223025
2
091101 010101 
1 1 
